x 	mol:pol:phi 	mol:water:phi 	mol:Na:phi 	mol:Cl:phi 	
1 	0.252013 	0.589691 	0.158292 	0.000002 	
2 	0.193151 	0.620752 	0.186095 	0.000002 	
3 	0.185532 	0.628597 	0.185868 	0.000002 	
4 	0.184724 	0.630349 	0.184925 	0.000002 	
5 	0.184359 	0.631256 	0.184383 	0.000002 	
6 	0.183925 	0.632162 	0.183911 	0.000002 	
7 	0.183430 	0.633161 	0.183408 	0.000002 	
8 	0.182881 	0.634260 	0.182857 	0.000002 	
9 	0.182280 	0.635463 	0.182255 	0.000002 	
10 	0.181627 	0.636768 	0.181604 	0.000002 	
11 	0.180922 	0.638176 	0.180900 	0.000002 	
12 	0.180167 	0.639689 	0.180142 	0.000002 	
13 	0.179358 	0.641308 	0.179331 	0.000002 	
14 	0.178494 	0.643036 	0.178468 	0.000002 	
15 	0.177575 	0.644873 	0.177549 	0.000002 	
16 	0.176601 	0.646821 	0.176575 	0.000002 	
17 	0.175572 	0.648880 	0.175545 	0.000002 	
18 	0.174487 	0.651051 	0.174459 	0.000002 	
19 	0.173345 	0.653335 	0.173317 	0.000002 	
20 	0.172147 	0.655733 	0.172118 	0.000003 	
21 	0.170891 	0.658244 	0.170862 	0.000003 	
22 	0.169578 	0.660870 	0.169550 	0.000003 	
23 	0.168209 	0.663609 	0.168180 	0.000003 	
24 	0.166783 	0.666462 	0.166753 	0.000003 	
25 	0.165300 	0.669429 	0.165269 	0.000003 	
26 	0.163759 	0.672510 	0.163728 	0.000003 	
27 	0.162161 	0.675706 	0.162131 	0.000003 	
28 	0.160507 	0.679015 	0.160476 	0.000003 	
29 	0.158796 	0.682436 	0.158764 	0.000003 	
30 	0.157030 	0.685971 	0.156996 	0.000003 	
31 	0.155206 	0.689619 	0.155172 	0.000003 	
32 	0.153326 	0.693379 	0.153292 	0.000003 	
33 	0.151390 	0.697250 	0.151357 	0.000003 	
34 	0.149400 	0.701232 	0.149365 	0.000003 	
35 	0.147355 	0.705323 	0.147319 	0.000003 	
36 	0.145255 	0.709524 	0.145217 	0.000003 	
37 	0.143100 	0.713833 	0.143063 	0.000004 	
38 	0.140892 	0.718250 	0.140854 	0.000004 	
39 	0.138631 	0.722772 	0.138593 	0.000004 	
40 	0.136319 	0.727398 	0.136279 	0.000004 	
41 	0.133955 	0.732128 	0.133913 	0.000004 	
42 	0.131540 	0.736959 	0.131497 	0.000004 	
43 	0.129075 	0.741889 	0.129032 	0.000004 	
44 	0.126561 	0.746917 	0.126517 	0.000004 	
45 	0.124000 	0.752041 	0.123954 	0.000005 	
46 	0.121393 	0.757257 	0.121345 	0.000005 	
47 	0.118740 	0.762564 	0.118691 	0.000005 	
48 	0.116043 	0.767958 	0.115993 	0.000005 	
49 	0.113305 	0.773437 	0.113253 	0.000005 	
50 	0.110526 	0.778996 	0.110472 	0.000006 	
51 	0.107709 	0.784633 	0.107653 	0.000006 	
52 	0.104854 	0.790343 	0.104797 	0.000006 	
53 	0.101965 	0.796122 	0.101906 	0.000006 	
54 	0.099044 	0.801966 	0.098983 	0.000007 	
55 	0.096094 	0.807869 	0.096030 	0.000007 	
56 	0.093117 	0.813825 	0.093050 	0.000007 	
57 	0.090116 	0.819830 	0.090046 	0.000007 	
58 	0.087094 	0.825878 	0.087021 	0.000008 	
59 	0.084053 	0.831961 	0.083978 	0.000008 	
60 	0.080999 	0.838073 	0.080920 	0.000009 	
61 	0.077934 	0.844206 	0.077851 	0.000009 	
62 	0.074862 	0.850353 	0.074776 	0.000010 	
63 	0.071788 	0.856505 	0.071698 	0.000010 	
64 	0.068715 	0.862653 	0.068621 	0.000011 	
65 	0.065649 	0.868790 	0.065550 	0.000012 	
66 	0.062594 	0.874904 	0.062489 	0.000012 	
67 	0.059555 	0.880987 	0.059445 	0.000013 	
68 	0.056537 	0.887028 	0.056421 	0.000014 	
69 	0.053545 	0.893017 	0.053423 	0.000015 	
70 	0.050586 	0.898942 	0.050456 	0.000016 	
71 	0.047663 	0.904793 	0.047526 	0.000017 	
72 	0.044785 	0.910558 	0.044639 	0.000019 	
73 	0.041955 	0.916225 	0.041801 	0.000020 	
74 	0.039180 	0.921782 	0.039016 	0.000022 	
75 	0.036467 	0.927218 	0.036291 	0.000024 	
76 	0.033821 	0.932522 	0.033632 	0.000026 	
77 	0.031247 	0.937680 	0.031044 	0.000028 	
78 	0.028753 	0.942682 	0.028534 	0.000031 	
79 	0.026343 	0.947517 	0.026106 	0.000035 	
80 	0.024024 	0.952172 	0.023766 	0.000038 	
81 	0.021801 	0.956638 	0.021518 	0.000043 	
82 	0.019680 	0.960904 	0.019368 	0.000048 	
83 	0.017668 	0.964961 	0.017317 	0.000054 	
84 	0.015769 	0.968799 	0.015371 	0.000061 	
85 	0.013987 	0.972413 	0.013529 	0.000070 	
86 	0.012322 	0.975802 	0.011796 	0.000081 	
87 	0.010764 	0.978969 	0.010172 	0.000095 	
88 	0.009291 	0.981932 	0.008665 	0.000112 	
89 	0.007865 	0.984716 	0.007285 	0.000134 	
90 	0.006431 	0.987360 	0.006047 	0.000162 	
91 	0.004942 	0.989889 	0.004971 	0.000198 	
92 	0.003420 	0.992264 	0.004074 	0.000243 	
93 	0.002011 	0.994332 	0.003362 	0.000295 	
94 	0.000945 	0.995878 	0.002824 	0.000353 	
95 	0.000337 	0.996817 	0.002436 	0.000410 	
96 	0.000088 	0.997287 	0.002164 	0.000461 	
97 	0.000016 	0.997501 	0.001977 	0.000505 	
98 	0.000002 	0.997606 	0.001853 	0.000539 	
99 	0.000000 	0.997661 	0.001777 	0.000562 	
100 	0.000000 	0.997685 	0.001741 	0.000574 	
