x 	 y 	mol:Ac:phi 	mol:A:phi 	mol:B:phi 	
1 	 1 	0.000000 	0.172952 	0.827048 	
1 	 2 	0.000000 	0.172952 	0.827048 	
1 	 3 	0.000000 	0.172951 	0.827049 	
1 	 4 	0.000000 	0.172951 	0.827049 	
1 	 5 	0.000000 	0.172951 	0.827049 	
1 	 6 	0.000000 	0.172951 	0.827049 	
1 	 7 	0.000000 	0.172951 	0.827049 	
1 	 8 	0.000000 	0.172951 	0.827049 	
1 	 9 	0.000000 	0.172951 	0.827049 	
1 	 10 	0.000000 	0.172950 	0.827050 	
1 	 11 	0.000000 	0.172950 	0.827050 	
1 	 12 	0.000000 	0.172950 	0.827050 	
1 	 13 	0.000000 	0.172950 	0.827050 	
1 	 14 	0.000000 	0.172950 	0.827050 	
1 	 15 	0.000000 	0.172950 	0.827050 	
1 	 16 	0.000000 	0.172950 	0.827050 	
1 	 17 	0.000000 	0.172950 	0.827050 	
1 	 18 	0.000000 	0.172950 	0.827050 	
1 	 19 	0.000000 	0.172950 	0.827050 	
1 	 20 	0.000000 	0.172950 	0.827050 	
1 	 21 	0.000000 	0.172950 	0.827050 	
1 	 22 	0.000000 	0.172950 	0.827050 	
1 	 23 	0.000000 	0.172950 	0.827050 	
1 	 24 	0.000000 	0.172950 	0.827050 	
1 	 25 	0.000000 	0.172950 	0.827050 	
1 	 26 	0.000000 	0.172950 	0.827050 	
1 	 27 	0.000000 	0.172950 	0.827050 	
1 	 28 	0.000000 	0.172950 	0.827050 	
1 	 29 	0.000000 	0.172950 	0.827050 	
1 	 30 	0.000000 	0.172950 	0.827050 	
1 	 31 	0.000000 	0.172950 	0.827050 	
1 	 32 	0.000000 	0.172950 	0.827050 	
1 	 33 	0.000000 	0.172950 	0.827050 	
1 	 34 	0.000000 	0.172950 	0.827050 	
1 	 35 	0.000000 	0.172950 	0.827050 	
1 	 36 	0.000000 	0.172950 	0.827050 	
1 	 37 	0.000000 	0.172950 	0.827050 	
1 	 38 	0.000000 	0.172950 	0.827050 	
1 	 39 	0.000000 	0.172950 	0.827050 	
1 	 40 	0.000000 	0.172950 	0.827050 	
2 	 1 	0.000000 	0.172952 	0.827048 	
2 	 2 	0.000000 	0.172952 	0.827048 	
2 	 3 	0.000000 	0.172952 	0.827048 	
2 	 4 	0.000000 	0.172952 	0.827048 	
2 	 5 	0.000000 	0.172952 	0.827048 	
2 	 6 	0.000000 	0.172951 	0.827049 	
2 	 7 	0.000000 	0.172951 	0.827049 	
2 	 8 	0.000000 	0.172951 	0.827049 	
2 	 9 	0.000000 	0.172951 	0.827049 	
2 	 10 	0.000000 	0.172951 	0.827049 	
2 	 11 	0.000000 	0.172950 	0.827050 	
2 	 12 	0.000000 	0.172950 	0.827050 	
2 	 13 	0.000000 	0.172950 	0.827050 	
2 	 14 	0.000000 	0.172950 	0.827050 	
2 	 15 	0.000000 	0.172950 	0.827050 	
2 	 16 	0.000000 	0.172950 	0.827050 	
2 	 17 	0.000000 	0.172950 	0.827050 	
2 	 18 	0.000000 	0.172950 	0.827050 	
2 	 19 	0.000000 	0.172950 	0.827050 	
2 	 20 	0.000000 	0.172950 	0.827050 	
2 	 21 	0.000000 	0.172950 	0.827050 	
2 	 22 	0.000000 	0.172950 	0.827050 	
2 	 23 	0.000000 	0.172950 	0.827050 	
2 	 24 	0.000000 	0.172950 	0.827050 	
2 	 25 	0.000000 	0.172950 	0.827050 	
2 	 26 	0.000000 	0.172950 	0.827050 	
2 	 27 	0.000000 	0.172950 	0.827050 	
2 	 28 	0.000000 	0.172950 	0.827050 	
2 	 29 	0.000000 	0.172950 	0.827050 	
2 	 30 	0.000000 	0.172950 	0.827050 	
2 	 31 	0.000000 	0.172950 	0.827050 	
2 	 32 	0.000000 	0.172950 	0.827050 	
2 	 33 	0.000000 	0.172950 	0.827050 	
2 	 34 	0.000000 	0.172950 	0.827050 	
2 	 35 	0.000000 	0.172950 	0.827050 	
2 	 36 	0.000000 	0.172950 	0.827050 	
2 	 37 	0.000000 	0.172950 	0.827050 	
2 	 38 	0.000000 	0.172950 	0.827050 	
2 	 39 	0.000000 	0.172950 	0.827050 	
2 	 40 	0.000000 	0.172950 	0.827050 	
3 	 1 	0.000000 	0.172955 	0.827045 	
3 	 2 	0.000000 	0.172955 	0.827045 	
3 	 3 	0.000000 	0.172954 	0.827046 	
3 	 4 	0.000000 	0.172954 	0.827046 	
3 	 5 	0.000000 	0.172953 	0.827047 	
3 	 6 	0.000000 	0.172953 	0.827047 	
3 	 7 	0.000000 	0.172952 	0.827048 	
3 	 8 	0.000000 	0.172952 	0.827048 	
3 	 9 	0.000000 	0.172951 	0.827049 	
3 	 10 	0.000000 	0.172951 	0.827049 	
3 	 11 	0.000000 	0.172951 	0.827049 	
3 	 12 	0.000000 	0.172950 	0.827050 	
3 	 13 	0.000000 	0.172950 	0.827050 	
3 	 14 	0.000000 	0.172950 	0.827050 	
3 	 15 	0.000000 	0.172950 	0.827050 	
3 	 16 	0.000000 	0.172950 	0.827050 	
3 	 17 	0.000000 	0.172950 	0.827050 	
3 	 18 	0.000000 	0.172950 	0.827050 	
3 	 19 	0.000000 	0.172950 	0.827050 	
3 	 20 	0.000000 	0.172950 	0.827050 	
3 	 21 	0.000000 	0.172950 	0.827050 	
3 	 22 	0.000000 	0.172950 	0.827050 	
3 	 23 	0.000000 	0.172950 	0.827050 	
3 	 24 	0.000000 	0.172950 	0.827050 	
3 	 25 	0.000000 	0.172950 	0.827050 	
3 	 26 	0.000000 	0.172950 	0.827050 	
3 	 27 	0.000000 	0.172950 	0.827050 	
3 	 28 	0.000000 	0.172950 	0.827050 	
3 	 29 	0.000000 	0.172950 	0.827050 	
3 	 30 	0.000000 	0.172950 	0.827050 	
3 	 31 	0.000000 	0.172950 	0.827050 	
3 	 32 	0.000000 	0.172950 	0.827050 	
3 	 33 	0.000000 	0.172950 	0.827050 	
3 	 34 	0.000000 	0.172950 	0.827050 	
3 	 35 	0.000000 	0.172950 	0.827050 	
3 	 36 	0.000000 	0.172950 	0.827050 	
3 	 37 	0.000000 	0.172950 	0.827050 	
3 	 38 	0.000000 	0.172950 	0.827050 	
3 	 39 	0.000000 	0.172950 	0.827050 	
3 	 40 	0.000000 	0.172950 	0.827050 	
4 	 1 	0.000000 	0.172960 	0.827040 	
4 	 2 	0.000000 	0.172960 	0.827040 	
4 	 3 	0.000000 	0.172959 	0.827041 	
4 	 4 	0.000000 	0.172958 	0.827042 	
4 	 5 	0.000000 	0.172957 	0.827043 	
4 	 6 	0.000000 	0.172955 	0.827045 	
4 	 7 	0.000000 	0.172954 	0.827046 	
4 	 8 	0.000000 	0.172953 	0.827047 	
4 	 9 	0.000000 	0.172952 	0.827048 	
4 	 10 	0.000000 	0.172952 	0.827048 	
4 	 11 	0.000000 	0.172951 	0.827049 	
4 	 12 	0.000000 	0.172951 	0.827049 	
4 	 13 	0.000000 	0.172951 	0.827049 	
4 	 14 	0.000000 	0.172950 	0.827050 	
4 	 15 	0.000000 	0.172950 	0.827050 	
4 	 16 	0.000000 	0.172950 	0.827050 	
4 	 17 	0.000000 	0.172950 	0.827050 	
4 	 18 	0.000000 	0.172950 	0.827050 	
4 	 19 	0.000000 	0.172950 	0.827050 	
4 	 20 	0.000000 	0.172950 	0.827050 	
4 	 21 	0.000000 	0.172950 	0.827050 	
4 	 22 	0.000000 	0.172950 	0.827050 	
4 	 23 	0.000000 	0.172950 	0.827050 	
4 	 24 	0.000000 	0.172950 	0.827050 	
4 	 25 	0.000000 	0.172950 	0.827050 	
4 	 26 	0.000000 	0.172950 	0.827050 	
4 	 27 	0.000000 	0.172950 	0.827050 	
4 	 28 	0.000000 	0.172950 	0.827050 	
4 	 29 	0.000000 	0.172950 	0.827050 	
4 	 30 	0.000000 	0.172950 	0.827050 	
4 	 31 	0.000000 	0.172950 	0.827050 	
4 	 32 	0.000000 	0.172950 	0.827050 	
4 	 33 	0.000000 	0.172950 	0.827050 	
4 	 34 	0.000000 	0.172950 	0.827050 	
4 	 35 	0.000000 	0.172950 	0.827050 	
4 	 36 	0.000000 	0.172950 	0.827050 	
4 	 37 	0.000000 	0.172950 	0.827050 	
4 	 38 	0.000000 	0.172950 	0.827050 	
4 	 39 	0.000000 	0.172950 	0.827050 	
4 	 40 	0.000000 	0.172950 	0.827050 	
5 	 1 	0.000000 	0.172975 	0.827025 	
5 	 2 	0.000000 	0.172973 	0.827027 	
5 	 3 	0.000000 	0.172971 	0.827029 	
5 	 4 	0.000000 	0.172969 	0.827031 	
5 	 5 	0.000000 	0.172965 	0.827035 	
5 	 6 	0.000000 	0.172962 	0.827038 	
5 	 7 	0.000000 	0.172959 	0.827041 	
5 	 8 	0.000000 	0.172957 	0.827043 	
5 	 9 	0.000000 	0.172955 	0.827045 	
5 	 10 	0.000000 	0.172953 	0.827047 	
5 	 11 	0.000000 	0.172952 	0.827048 	
5 	 12 	0.000000 	0.172951 	0.827049 	
5 	 13 	0.000000 	0.172951 	0.827049 	
5 	 14 	0.000000 	0.172951 	0.827049 	
5 	 15 	0.000000 	0.172950 	0.827050 	
5 	 16 	0.000000 	0.172950 	0.827050 	
5 	 17 	0.000000 	0.172950 	0.827050 	
5 	 18 	0.000000 	0.172950 	0.827050 	
5 	 19 	0.000000 	0.172950 	0.827050 	
5 	 20 	0.000000 	0.172950 	0.827050 	
5 	 21 	0.000000 	0.172950 	0.827050 	
5 	 22 	0.000000 	0.172950 	0.827050 	
5 	 23 	0.000000 	0.172950 	0.827050 	
5 	 24 	0.000000 	0.172950 	0.827050 	
5 	 25 	0.000000 	0.172950 	0.827050 	
5 	 26 	0.000000 	0.172950 	0.827050 	
5 	 27 	0.000000 	0.172950 	0.827050 	
5 	 28 	0.000000 	0.172950 	0.827050 	
5 	 29 	0.000000 	0.172950 	0.827050 	
5 	 30 	0.000000 	0.172950 	0.827050 	
5 	 31 	0.000000 	0.172950 	0.827050 	
5 	 32 	0.000000 	0.172950 	0.827050 	
5 	 33 	0.000000 	0.172950 	0.827050 	
5 	 34 	0.000000 	0.172950 	0.827050 	
5 	 35 	0.000000 	0.172950 	0.827050 	
5 	 36 	0.000000 	0.172950 	0.827050 	
5 	 37 	0.000000 	0.172950 	0.827050 	
5 	 38 	0.000000 	0.172950 	0.827050 	
5 	 39 	0.000000 	0.172950 	0.827050 	
5 	 40 	0.000000 	0.172950 	0.827050 	
6 	 1 	0.000000 	0.173010 	0.826990 	
6 	 2 	0.000000 	0.173007 	0.826993 	
6 	 3 	0.000000 	0.173002 	0.826998 	
6 	 4 	0.000000 	0.172995 	0.827005 	
6 	 5 	0.000000 	0.172987 	0.827013 	
6 	 6 	0.000000 	0.172979 	0.827021 	
6 	 7 	0.000000 	0.172972 	0.827028 	
6 	 8 	0.000000 	0.172966 	0.827034 	
6 	 9 	0.000000 	0.172961 	0.827039 	
6 	 10 	0.000000 	0.172957 	0.827043 	
6 	 11 	0.000000 	0.172955 	0.827045 	
6 	 12 	0.000000 	0.172953 	0.827047 	
6 	 13 	0.000000 	0.172952 	0.827048 	
6 	 14 	0.000000 	0.172951 	0.827049 	
6 	 15 	0.000000 	0.172951 	0.827049 	
6 	 16 	0.000000 	0.172951 	0.827049 	
6 	 17 	0.000000 	0.172950 	0.827050 	
6 	 18 	0.000000 	0.172950 	0.827050 	
6 	 19 	0.000000 	0.172950 	0.827050 	
6 	 20 	0.000000 	0.172950 	0.827050 	
6 	 21 	0.000000 	0.172950 	0.827050 	
6 	 22 	0.000000 	0.172950 	0.827050 	
6 	 23 	0.000000 	0.172950 	0.827050 	
6 	 24 	0.000000 	0.172950 	0.827050 	
6 	 25 	0.000000 	0.172950 	0.827050 	
6 	 26 	0.000000 	0.172950 	0.827050 	
6 	 27 	0.000000 	0.172950 	0.827050 	
6 	 28 	0.000000 	0.172950 	0.827050 	
6 	 29 	0.000000 	0.172950 	0.827050 	
6 	 30 	0.000000 	0.172950 	0.827050 	
6 	 31 	0.000000 	0.172950 	0.827050 	
6 	 32 	0.000000 	0.172950 	0.827050 	
6 	 33 	0.000000 	0.172950 	0.827050 	
6 	 34 	0.000000 	0.172950 	0.827050 	
6 	 35 	0.000000 	0.172950 	0.827050 	
6 	 36 	0.000000 	0.172950 	0.827050 	
6 	 37 	0.000000 	0.172950 	0.827050 	
6 	 38 	0.000000 	0.172950 	0.827050 	
6 	 39 	0.000000 	0.172950 	0.827050 	
6 	 40 	0.000000 	0.172950 	0.827050 	
7 	 1 	0.000000 	0.173100 	0.826900 	
7 	 2 	0.000000 	0.173092 	0.826908 	
7 	 3 	0.000000 	0.173078 	0.826922 	
7 	 4 	0.000000 	0.173060 	0.826940 	
7 	 5 	0.000000 	0.173040 	0.826960 	
7 	 6 	0.000000 	0.173020 	0.826980 	
7 	 7 	0.000000 	0.173002 	0.826998 	
7 	 8 	0.000000 	0.172987 	0.827013 	
7 	 9 	0.000000 	0.172975 	0.827025 	
7 	 10 	0.000000 	0.172967 	0.827033 	
7 	 11 	0.000000 	0.172961 	0.827039 	
7 	 12 	0.000000 	0.172957 	0.827043 	
7 	 13 	0.000000 	0.172954 	0.827046 	
7 	 14 	0.000000 	0.172952 	0.827048 	
7 	 15 	0.000000 	0.172951 	0.827049 	
7 	 16 	0.000000 	0.172951 	0.827049 	
7 	 17 	0.000000 	0.172951 	0.827049 	
7 	 18 	0.000000 	0.172950 	0.827050 	
7 	 19 	0.000000 	0.172950 	0.827050 	
7 	 20 	0.000000 	0.172950 	0.827050 	
7 	 21 	0.000000 	0.172950 	0.827050 	
7 	 22 	0.000000 	0.172950 	0.827050 	
7 	 23 	0.000000 	0.172950 	0.827050 	
7 	 24 	0.000000 	0.172950 	0.827050 	
7 	 25 	0.000000 	0.172950 	0.827050 	
7 	 26 	0.000000 	0.172950 	0.827050 	
7 	 27 	0.000000 	0.172950 	0.827050 	
7 	 28 	0.000000 	0.172950 	0.827050 	
7 	 29 	0.000000 	0.172950 	0.827050 	
7 	 30 	0.000000 	0.172950 	0.827050 	
7 	 31 	0.000000 	0.172950 	0.827050 	
7 	 32 	0.000000 	0.172950 	0.827050 	
7 	 33 	0.000000 	0.172950 	0.827050 	
7 	 34 	0.000000 	0.172950 	0.827050 	
7 	 35 	0.000000 	0.172950 	0.827050 	
7 	 36 	0.000000 	0.172950 	0.827050 	
7 	 37 	0.000000 	0.172950 	0.827050 	
7 	 38 	0.000000 	0.172950 	0.827050 	
7 	 39 	0.000000 	0.172950 	0.827050 	
7 	 40 	0.000000 	0.172950 	0.827050 	
8 	 1 	0.000000 	0.173330 	0.826670 	
8 	 2 	0.000000 	0.173310 	0.826690 	
8 	 3 	0.000000 	0.173273 	0.826727 	
8 	 4 	0.000000 	0.173225 	0.826775 	
8 	 5 	0.000000 	0.173172 	0.826828 	
8 	 6 	0.000000 	0.173121 	0.826879 	
8 	 7 	0.000000 	0.173076 	0.826924 	
8 	 8 	0.000000 	0.173038 	0.826962 	
8 	 9 	0.000000 	0.173009 	0.826991 	
8 	 10 	0.000000 	0.172989 	0.827011 	
8 	 11 	0.000000 	0.172974 	0.827026 	
8 	 12 	0.000000 	0.172965 	0.827035 	
8 	 13 	0.000000 	0.172959 	0.827041 	
8 	 14 	0.000000 	0.172955 	0.827045 	
8 	 15 	0.000000 	0.172953 	0.827047 	
8 	 16 	0.000000 	0.172952 	0.827048 	
8 	 17 	0.000000 	0.172951 	0.827049 	
8 	 18 	0.000000 	0.172951 	0.827049 	
8 	 19 	0.000000 	0.172950 	0.827050 	
8 	 20 	0.000000 	0.172950 	0.827050 	
8 	 21 	0.000000 	0.172950 	0.827050 	
8 	 22 	0.000000 	0.172950 	0.827050 	
8 	 23 	0.000000 	0.172950 	0.827050 	
8 	 24 	0.000000 	0.172950 	0.827050 	
8 	 25 	0.000000 	0.172950 	0.827050 	
8 	 26 	0.000000 	0.172950 	0.827050 	
8 	 27 	0.000000 	0.172950 	0.827050 	
8 	 28 	0.000000 	0.172950 	0.827050 	
8 	 29 	0.000000 	0.172950 	0.827050 	
8 	 30 	0.000000 	0.172950 	0.827050 	
8 	 31 	0.000000 	0.172950 	0.827050 	
8 	 32 	0.000000 	0.172950 	0.827050 	
8 	 33 	0.000000 	0.172950 	0.827050 	
8 	 34 	0.000000 	0.172950 	0.827050 	
8 	 35 	0.000000 	0.172950 	0.827050 	
8 	 36 	0.000000 	0.172950 	0.827050 	
8 	 37 	0.000000 	0.172950 	0.827050 	
8 	 38 	0.000000 	0.172950 	0.827050 	
8 	 39 	0.000000 	0.172950 	0.827050 	
8 	 40 	0.000000 	0.172950 	0.827050 	
9 	 1 	0.000000 	0.173923 	0.826077 	
9 	 2 	0.000000 	0.173870 	0.826130 	
9 	 3 	0.000000 	0.173771 	0.826229 	
9 	 4 	0.000000 	0.173644 	0.826356 	
9 	 5 	0.000000 	0.173506 	0.826494 	
9 	 6 	0.000000 	0.173373 	0.826627 	
9 	 7 	0.000000 	0.173256 	0.826744 	
9 	 8 	0.000000 	0.173162 	0.826838 	
9 	 9 	0.000000 	0.173090 	0.826910 	
9 	 10 	0.000000 	0.173039 	0.826961 	
9 	 11 	0.000000 	0.173005 	0.826995 	
9 	 12 	0.000000 	0.172983 	0.827017 	
9 	 13 	0.000000 	0.172969 	0.827031 	
9 	 14 	0.000000 	0.172961 	0.827039 	
9 	 15 	0.000000 	0.172956 	0.827044 	
9 	 16 	0.000000 	0.172953 	0.827047 	
9 	 17 	0.000000 	0.172952 	0.827048 	
9 	 18 	0.000000 	0.172951 	0.827049 	
9 	 19 	0.000000 	0.172951 	0.827049 	
9 	 20 	0.000000 	0.172950 	0.827050 	
9 	 21 	0.000000 	0.172950 	0.827050 	
9 	 22 	0.000000 	0.172950 	0.827050 	
9 	 23 	0.000000 	0.172950 	0.827050 	
9 	 24 	0.000000 	0.172950 	0.827050 	
9 	 25 	0.000000 	0.172950 	0.827050 	
9 	 26 	0.000000 	0.172950 	0.827050 	
9 	 27 	0.000000 	0.172950 	0.827050 	
9 	 28 	0.000000 	0.172950 	0.827050 	
9 	 29 	0.000000 	0.172950 	0.827050 	
9 	 30 	0.000000 	0.172950 	0.827050 	
9 	 31 	0.000000 	0.172950 	0.827050 	
9 	 32 	0.000000 	0.172950 	0.827050 	
9 	 33 	0.000000 	0.172950 	0.827050 	
9 	 34 	0.000000 	0.172950 	0.827050 	
9 	 35 	0.000000 	0.172950 	0.827050 	
9 	 36 	0.000000 	0.172950 	0.827050 	
9 	 37 	0.000000 	0.172950 	0.827050 	
9 	 38 	0.000000 	0.172950 	0.827050 	
9 	 39 	0.000000 	0.172950 	0.827050 	
9 	 40 	0.000000 	0.172950 	0.827050 	
10 	 1 	0.000000 	0.175465 	0.824535 	
10 	 2 	0.000000 	0.175319 	0.824681 	
10 	 3 	0.000000 	0.175054 	0.824946 	
10 	 4 	0.000000 	0.174714 	0.825286 	
10 	 5 	0.000000 	0.174348 	0.825652 	
10 	 6 	0.000000 	0.174000 	0.826000 	
10 	 7 	0.000000 	0.173700 	0.826300 	
10 	 8 	0.000000 	0.173460 	0.826540 	
10 	 9 	0.000000 	0.173282 	0.826718 	
10 	 10 	0.000000 	0.173157 	0.826843 	
10 	 11 	0.000000 	0.173075 	0.826925 	
10 	 12 	0.000000 	0.173023 	0.826977 	
10 	 13 	0.000000 	0.172991 	0.827009 	
10 	 14 	0.000000 	0.172973 	0.827027 	
10 	 15 	0.000000 	0.172962 	0.827038 	
10 	 16 	0.000000 	0.172956 	0.827044 	
10 	 17 	0.000000 	0.172953 	0.827047 	
10 	 18 	0.000000 	0.172952 	0.827048 	
10 	 19 	0.000000 	0.172951 	0.827049 	
10 	 20 	0.000000 	0.172951 	0.827049 	
10 	 21 	0.000000 	0.172950 	0.827050 	
10 	 22 	0.000000 	0.172950 	0.827050 	
10 	 23 	0.000000 	0.172950 	0.827050 	
10 	 24 	0.000000 	0.172950 	0.827050 	
10 	 25 	0.000000 	0.172950 	0.827050 	
10 	 26 	0.000000 	0.172950 	0.827050 	
10 	 27 	0.000000 	0.172950 	0.827050 	
10 	 28 	0.000000 	0.172950 	0.827050 	
10 	 29 	0.000000 	0.172950 	0.827050 	
10 	 30 	0.000000 	0.172950 	0.827050 	
10 	 31 	0.000000 	0.172950 	0.827050 	
10 	 32 	0.000000 	0.172950 	0.827050 	
10 	 33 	0.000000 	0.172950 	0.827050 	
10 	 34 	0.000000 	0.172950 	0.827050 	
10 	 35 	0.000000 	0.172950 	0.827050 	
10 	 36 	0.000000 	0.172950 	0.827050 	
10 	 37 	0.000000 	0.172950 	0.827050 	
10 	 38 	0.000000 	0.172950 	0.827050 	
10 	 39 	0.000000 	0.172950 	0.827050 	
10 	 40 	0.000000 	0.172950 	0.827050 	
11 	 1 	0.000000 	0.179472 	0.820528 	
11 	 2 	0.000000 	0.179078 	0.820922 	
11 	 3 	0.000000 	0.178362 	0.821638 	
11 	 4 	0.000000 	0.177450 	0.822550 	
11 	 5 	0.000000 	0.176477 	0.823523 	
11 	 6 	0.000000 	0.175564 	0.824436 	
11 	 7 	0.000000 	0.174787 	0.825213 	
11 	 8 	0.000000 	0.174179 	0.825821 	
11 	 9 	0.000000 	0.173735 	0.826265 	
11 	 10 	0.000000 	0.173431 	0.826569 	
11 	 11 	0.000000 	0.173233 	0.826767 	
11 	 12 	0.000000 	0.173112 	0.826888 	
11 	 13 	0.000000 	0.173039 	0.826961 	
11 	 14 	0.000000 	0.172998 	0.827002 	
11 	 15 	0.000000 	0.172975 	0.827025 	
11 	 16 	0.000000 	0.172963 	0.827037 	
11 	 17 	0.000000 	0.172957 	0.827043 	
11 	 18 	0.000000 	0.172953 	0.827047 	
11 	 19 	0.000000 	0.172952 	0.827048 	
11 	 20 	0.000000 	0.172951 	0.827049 	
11 	 21 	0.000000 	0.172951 	0.827049 	
11 	 22 	0.000000 	0.172950 	0.827050 	
11 	 23 	0.000000 	0.172950 	0.827050 	
11 	 24 	0.000000 	0.172950 	0.827050 	
11 	 25 	0.000000 	0.172950 	0.827050 	
11 	 26 	0.000000 	0.172950 	0.827050 	
11 	 27 	0.000000 	0.172950 	0.827050 	
11 	 28 	0.000000 	0.172950 	0.827050 	
11 	 29 	0.000000 	0.172950 	0.827050 	
11 	 30 	0.000000 	0.172950 	0.827050 	
11 	 31 	0.000000 	0.172950 	0.827050 	
11 	 32 	0.000000 	0.172950 	0.827050 	
11 	 33 	0.000000 	0.172950 	0.827050 	
11 	 34 	0.000000 	0.172950 	0.827050 	
11 	 35 	0.000000 	0.172950 	0.827050 	
11 	 36 	0.000000 	0.172950 	0.827050 	
11 	 37 	0.000000 	0.172950 	0.827050 	
11 	 38 	0.000000 	0.172950 	0.827050 	
11 	 39 	0.000000 	0.172950 	0.827050 	
11 	 40 	0.000000 	0.172950 	0.827050 	
12 	 1 	0.000000 	0.189831 	0.810169 	
12 	 2 	0.000000 	0.188769 	0.811231 	
12 	 3 	0.000000 	0.186848 	0.813152 	
12 	 4 	0.000000 	0.184411 	0.815589 	
12 	 5 	0.000000 	0.181837 	0.818163 	
12 	 6 	0.000000 	0.179447 	0.820553 	
12 	 7 	0.000000 	0.177443 	0.822557 	
12 	 8 	0.000000 	0.175901 	0.824099 	
12 	 9 	0.000000 	0.174798 	0.825202 	
12 	 10 	0.000000 	0.174059 	0.825941 	
12 	 11 	0.000000 	0.173590 	0.826410 	
12 	 12 	0.000000 	0.173307 	0.826693 	
12 	 13 	0.000000 	0.173143 	0.826857 	
12 	 14 	0.000000 	0.173052 	0.826948 	
12 	 15 	0.000000 	0.173002 	0.826998 	
12 	 16 	0.000000 	0.172976 	0.827024 	
12 	 17 	0.000000 	0.172963 	0.827037 	
12 	 18 	0.000000 	0.172956 	0.827044 	
12 	 19 	0.000000 	0.172953 	0.827047 	
12 	 20 	0.000000 	0.172952 	0.827048 	
12 	 21 	0.000000 	0.172951 	0.827049 	
12 	 22 	0.000000 	0.172950 	0.827050 	
12 	 23 	0.000000 	0.172950 	0.827050 	
12 	 24 	0.000000 	0.172950 	0.827050 	
12 	 25 	0.000000 	0.172950 	0.827050 	
12 	 26 	0.000000 	0.172950 	0.827050 	
12 	 27 	0.000000 	0.172950 	0.827050 	
12 	 28 	0.000000 	0.172950 	0.827050 	
12 	 29 	0.000000 	0.172950 	0.827050 	
12 	 30 	0.000000 	0.172950 	0.827050 	
12 	 31 	0.000000 	0.172950 	0.827050 	
12 	 32 	0.000000 	0.172950 	0.827050 	
12 	 33 	0.000000 	0.172950 	0.827050 	
12 	 34 	0.000000 	0.172950 	0.827050 	
12 	 35 	0.000000 	0.172950 	0.827050 	
12 	 36 	0.000000 	0.172950 	0.827050 	
12 	 37 	0.000000 	0.172950 	0.827050 	
12 	 38 	0.000000 	0.172950 	0.827050 	
12 	 39 	0.000000 	0.172950 	0.827050 	
12 	 40 	0.000000 	0.172950 	0.827050 	
13 	 1 	0.000000 	0.215962 	0.784038 	
13 	 2 	0.000000 	0.213190 	0.786810 	
13 	 3 	0.000000 	0.208177 	0.791823 	
13 	 4 	0.000000 	0.201825 	0.798175 	
13 	 5 	0.000000 	0.195141 	0.804859 	
13 	 6 	0.000000 	0.188977 	0.811023 	
13 	 7 	0.000000 	0.183864 	0.816136 	
13 	 8 	0.000000 	0.179989 	0.820011 	
13 	 9 	0.000000 	0.177270 	0.822730 	
13 	 10 	0.000000 	0.175487 	0.824513 	
13 	 11 	0.000000 	0.174382 	0.825618 	
13 	 12 	0.000000 	0.173731 	0.826269 	
13 	 13 	0.000000 	0.173363 	0.826637 	
13 	 14 	0.000000 	0.173163 	0.826837 	
13 	 15 	0.000000 	0.173057 	0.826943 	
13 	 16 	0.000000 	0.173003 	0.826997 	
13 	 17 	0.000000 	0.172976 	0.827024 	
13 	 18 	0.000000 	0.172962 	0.827038 	
13 	 19 	0.000000 	0.172956 	0.827044 	
13 	 20 	0.000000 	0.172953 	0.827047 	
13 	 21 	0.000000 	0.172951 	0.827049 	
13 	 22 	0.000000 	0.172951 	0.827049 	
13 	 23 	0.000000 	0.172950 	0.827050 	
13 	 24 	0.000000 	0.172950 	0.827050 	
13 	 25 	0.000000 	0.172950 	0.827050 	
13 	 26 	0.000000 	0.172950 	0.827050 	
13 	 27 	0.000000 	0.172950 	0.827050 	
13 	 28 	0.000000 	0.172950 	0.827050 	
13 	 29 	0.000000 	0.172950 	0.827050 	
13 	 30 	0.000000 	0.172950 	0.827050 	
13 	 31 	0.000000 	0.172950 	0.827050 	
13 	 32 	0.000000 	0.172950 	0.827050 	
13 	 33 	0.000000 	0.172950 	0.827050 	
13 	 34 	0.000000 	0.172950 	0.827050 	
13 	 35 	0.000000 	0.172950 	0.827050 	
13 	 36 	0.000000 	0.172950 	0.827050 	
13 	 37 	0.000000 	0.172950 	0.827050 	
13 	 38 	0.000000 	0.172950 	0.827050 	
13 	 39 	0.000000 	0.172950 	0.827050 	
13 	 40 	0.000000 	0.172950 	0.827050 	
14 	 1 	0.000000 	0.277395 	0.722605 	
14 	 2 	0.000000 	0.270807 	0.729193 	
14 	 3 	0.000000 	0.258782 	0.741218 	
14 	 4 	0.000000 	0.243358 	0.756642 	
14 	 5 	0.000000 	0.226943 	0.773057 	
14 	 6 	0.000000 	0.211697 	0.788303 	
14 	 7 	0.000000 	0.199046 	0.800954 	
14 	 8 	0.000000 	0.189521 	0.810479 	
14 	 9 	0.000000 	0.182930 	0.817070 	
14 	 10 	0.000000 	0.178686 	0.821314 	
14 	 11 	0.000000 	0.176115 	0.823885 	
14 	 12 	0.000000 	0.174636 	0.825364 	
14 	 13 	0.000000 	0.173822 	0.826178 	
14 	 14 	0.000000 	0.173389 	0.826611 	
14 	 15 	0.000000 	0.173166 	0.826834 	
14 	 16 	0.000000 	0.173054 	0.826946 	
14 	 17 	0.000000 	0.172999 	0.827001 	
14 	 18 	0.000000 	0.172973 	0.827027 	
14 	 19 	0.000000 	0.172961 	0.827039 	
14 	 20 	0.000000 	0.172955 	0.827045 	
14 	 21 	0.000000 	0.172952 	0.827048 	
14 	 22 	0.000000 	0.172951 	0.827049 	
14 	 23 	0.000000 	0.172951 	0.827049 	
14 	 24 	0.000000 	0.172950 	0.827050 	
14 	 25 	0.000000 	0.172950 	0.827050 	
14 	 26 	0.000000 	0.172950 	0.827050 	
14 	 27 	0.000000 	0.172950 	0.827050 	
14 	 28 	0.000000 	0.172950 	0.827050 	
14 	 29 	0.000000 	0.172950 	0.827050 	
14 	 30 	0.000000 	0.172950 	0.827050 	
14 	 31 	0.000000 	0.172950 	0.827050 	
14 	 32 	0.000000 	0.172950 	0.827050 	
14 	 33 	0.000000 	0.172950 	0.827050 	
14 	 34 	0.000000 	0.172950 	0.827050 	
14 	 35 	0.000000 	0.172950 	0.827050 	
14 	 36 	0.000000 	0.172950 	0.827050 	
14 	 37 	0.000000 	0.172950 	0.827050 	
14 	 38 	0.000000 	0.172950 	0.827050 	
14 	 39 	0.000000 	0.172950 	0.827050 	
14 	 40 	0.000000 	0.172950 	0.827050 	
15 	 1 	0.000000 	0.398437 	0.601563 	
15 	 2 	0.000000 	0.386011 	0.613989 	
15 	 3 	0.000000 	0.362626 	0.637374 	
15 	 4 	0.000000 	0.331279 	0.668721 	
15 	 5 	0.000000 	0.296270 	0.703730 	
15 	 6 	0.000000 	0.262317 	0.737683 	
15 	 7 	0.000000 	0.233241 	0.766759 	
15 	 8 	0.000000 	0.210983 	0.789017 	
15 	 9 	0.000000 	0.195543 	0.804457 	
15 	 10 	0.000000 	0.185694 	0.814306 	
15 	 11 	0.000000 	0.179832 	0.820168 	
15 	 12 	0.000000 	0.176534 	0.823466 	
15 	 13 	0.000000 	0.174760 	0.825240 	
15 	 14 	0.000000 	0.173841 	0.826159 	
15 	 15 	0.000000 	0.173379 	0.826621 	
15 	 16 	0.000000 	0.173153 	0.826847 	
15 	 17 	0.000000 	0.173044 	0.826956 	
15 	 18 	0.000000 	0.172993 	0.827007 	
15 	 19 	0.000000 	0.172970 	0.827030 	
15 	 20 	0.000000 	0.172959 	0.827041 	
15 	 21 	0.000000 	0.172954 	0.827046 	
15 	 22 	0.000000 	0.172952 	0.827048 	
15 	 23 	0.000000 	0.172951 	0.827049 	
15 	 24 	0.000000 	0.172950 	0.827050 	
15 	 25 	0.000000 	0.172950 	0.827050 	
15 	 26 	0.000000 	0.172950 	0.827050 	
15 	 27 	0.000000 	0.172950 	0.827050 	
15 	 28 	0.000000 	0.172950 	0.827050 	
15 	 29 	0.000000 	0.172950 	0.827050 	
15 	 30 	0.000000 	0.172950 	0.827050 	
15 	 31 	0.000000 	0.172950 	0.827050 	
15 	 32 	0.000000 	0.172950 	0.827050 	
15 	 33 	0.000000 	0.172950 	0.827050 	
15 	 34 	0.000000 	0.172950 	0.827050 	
15 	 35 	0.000000 	0.172950 	0.827050 	
15 	 36 	0.000000 	0.172950 	0.827050 	
15 	 37 	0.000000 	0.172950 	0.827050 	
15 	 38 	0.000000 	0.172950 	0.827050 	
15 	 39 	0.000000 	0.172950 	0.827050 	
15 	 40 	0.000000 	0.172950 	0.827050 	
16 	 1 	0.000000 	0.564755 	0.435245 	
16 	 2 	0.000000 	0.549665 	0.450335 	
16 	 3 	0.000000 	0.519473 	0.480527 	
16 	 4 	0.000000 	0.475059 	0.524941 	
16 	 5 	0.000000 	0.419621 	0.580379 	
16 	 6 	0.000000 	0.359458 	0.640542 	
16 	 7 	0.000000 	0.302683 	0.697317 	
16 	 8 	0.000000 	0.256043 	0.743957 	
16 	 9 	0.000000 	0.222344 	0.777656 	
16 	 10 	0.000000 	0.200523 	0.799477 	
16 	 11 	0.000000 	0.187582 	0.812418 	
16 	 12 	0.000000 	0.180409 	0.819591 	
16 	 13 	0.000000 	0.176633 	0.823367 	
16 	 14 	0.000000 	0.174723 	0.825277 	
16 	 15 	0.000000 	0.173785 	0.826215 	
16 	 16 	0.000000 	0.173336 	0.826664 	
16 	 17 	0.000000 	0.173126 	0.826874 	
16 	 18 	0.000000 	0.173029 	0.826971 	
16 	 19 	0.000000 	0.172985 	0.827015 	
16 	 20 	0.000000 	0.172966 	0.827034 	
16 	 21 	0.000000 	0.172957 	0.827043 	
16 	 22 	0.000000 	0.172953 	0.827047 	
16 	 23 	0.000000 	0.172951 	0.827049 	
16 	 24 	0.000000 	0.172951 	0.827049 	
16 	 25 	0.000000 	0.172950 	0.827050 	
16 	 26 	0.000000 	0.172950 	0.827050 	
16 	 27 	0.000000 	0.172950 	0.827050 	
16 	 28 	0.000000 	0.172950 	0.827050 	
16 	 29 	0.000000 	0.172950 	0.827050 	
16 	 30 	0.000000 	0.172950 	0.827050 	
16 	 31 	0.000000 	0.172950 	0.827050 	
16 	 32 	0.000000 	0.172950 	0.827050 	
16 	 33 	0.000000 	0.172950 	0.827050 	
16 	 34 	0.000000 	0.172950 	0.827050 	
16 	 35 	0.000000 	0.172950 	0.827050 	
16 	 36 	0.000000 	0.172950 	0.827050 	
16 	 37 	0.000000 	0.172950 	0.827050 	
16 	 38 	0.000000 	0.172950 	0.827050 	
16 	 39 	0.000000 	0.172950 	0.827050 	
16 	 40 	0.000000 	0.172950 	0.827050 	
17 	 1 	0.000000 	0.702671 	0.297329 	
17 	 2 	0.000000 	0.691690 	0.308310 	
17 	 3 	0.000000 	0.668184 	0.331816 	
17 	 4 	0.000000 	0.629499 	0.370501 	
17 	 5 	0.000000 	0.573279 	0.426721 	
17 	 6 	0.000000 	0.500373 	0.499627 	
17 	 7 	0.000000 	0.417935 	0.582065 	
17 	 8 	0.000000 	0.338702 	0.661298 	
17 	 9 	0.000000 	0.274543 	0.725457 	
17 	 10 	0.000000 	0.230146 	0.769854 	
17 	 11 	0.000000 	0.203089 	0.796911 	
17 	 12 	0.000000 	0.188072 	0.811928 	
17 	 13 	0.000000 	0.180269 	0.819731 	
17 	 14 	0.000000 	0.176397 	0.823603 	
17 	 15 	0.000000 	0.174539 	0.825461 	
17 	 16 	0.000000 	0.173670 	0.826330 	
17 	 17 	0.000000 	0.173272 	0.826728 	
17 	 18 	0.000000 	0.173092 	0.826908 	
17 	 19 	0.000000 	0.173012 	0.826988 	
17 	 20 	0.000000 	0.172977 	0.827023 	
17 	 21 	0.000000 	0.172962 	0.827038 	
17 	 22 	0.000000 	0.172955 	0.827045 	
17 	 23 	0.000000 	0.172952 	0.827048 	
17 	 24 	0.000000 	0.172951 	0.827049 	
17 	 25 	0.000000 	0.172951 	0.827049 	
17 	 26 	0.000000 	0.172950 	0.827050 	
17 	 27 	0.000000 	0.172950 	0.827050 	
17 	 28 	0.000000 	0.172950 	0.827050 	
17 	 29 	0.000000 	0.172950 	0.827050 	
17 	 30 	0.000000 	0.172950 	0.827050 	
17 	 31 	0.000000 	0.172950 	0.827050 	
17 	 32 	0.000000 	0.172950 	0.827050 	
17 	 33 	0.000000 	0.172950 	0.827050 	
17 	 34 	0.000000 	0.172950 	0.827050 	
17 	 35 	0.000000 	0.172950 	0.827050 	
17 	 36 	0.000000 	0.172950 	0.827050 	
17 	 37 	0.000000 	0.172950 	0.827050 	
17 	 38 	0.000000 	0.172950 	0.827050 	
17 	 39 	0.000000 	0.172950 	0.827050 	
17 	 40 	0.000000 	0.172950 	0.827050 	
18 	 1 	0.000000 	0.777725 	0.222275 	
18 	 2 	0.000000 	0.771948 	0.228052 	
18 	 3 	0.000000 	0.758997 	0.241003 	
18 	 4 	0.000000 	0.735863 	0.264137 	
18 	 5 	0.000000 	0.697788 	0.302212 	
18 	 6 	0.000000 	0.639213 	0.360787 	
18 	 7 	0.000000 	0.557501 	0.442499 	
18 	 8 	0.000000 	0.459230 	0.540770 	
18 	 9 	0.000000 	0.361938 	0.638062 	
18 	 10 	0.000000 	0.283968 	0.716032 	
18 	 11 	0.000000 	0.232267 	0.767733 	
18 	 12 	0.000000 	0.202566 	0.797434 	
18 	 13 	0.000000 	0.187074 	0.812926 	
18 	 14 	0.000000 	0.179477 	0.820523 	
18 	 15 	0.000000 	0.175900 	0.824100 	
18 	 16 	0.000000 	0.174261 	0.825739 	
18 	 17 	0.000000 	0.173524 	0.826476 	
18 	 18 	0.000000 	0.173199 	0.826801 	
18 	 19 	0.000000 	0.173057 	0.826943 	
18 	 20 	0.000000 	0.172995 	0.827005 	
18 	 21 	0.000000 	0.172969 	0.827031 	
18 	 22 	0.000000 	0.172958 	0.827042 	
18 	 23 	0.000000 	0.172954 	0.827046 	
18 	 24 	0.000000 	0.172952 	0.827048 	
18 	 25 	0.000000 	0.172951 	0.827049 	
18 	 26 	0.000000 	0.172950 	0.827050 	
18 	 27 	0.000000 	0.172950 	0.827050 	
18 	 28 	0.000000 	0.172950 	0.827050 	
18 	 29 	0.000000 	0.172950 	0.827050 	
18 	 30 	0.000000 	0.172950 	0.827050 	
18 	 31 	0.000000 	0.172950 	0.827050 	
18 	 32 	0.000000 	0.172950 	0.827050 	
18 	 33 	0.000000 	0.172950 	0.827050 	
18 	 34 	0.000000 	0.172950 	0.827050 	
18 	 35 	0.000000 	0.172950 	0.827050 	
18 	 36 	0.000000 	0.172950 	0.827050 	
18 	 37 	0.000000 	0.172950 	0.827050 	
18 	 38 	0.000000 	0.172950 	0.827050 	
18 	 39 	0.000000 	0.172950 	0.827050 	
18 	 40 	0.000000 	0.172950 	0.827050 	
19 	 1 	0.000000 	0.810369 	0.189631 	
19 	 2 	0.000000 	0.807717 	0.192283 	
19 	 3 	0.000000 	0.801602 	0.198398 	
19 	 4 	0.000000 	0.790108 	0.209892 	
19 	 5 	0.000000 	0.769632 	0.230368 	
19 	 6 	0.000000 	0.734194 	0.265806 	
19 	 7 	0.000000 	0.675769 	0.324231 	
19 	 8 	0.000000 	0.588516 	0.411484 	
19 	 9 	0.000000 	0.478432 	0.521568 	
19 	 10 	0.000000 	0.368204 	0.631796 	
19 	 11 	0.000000 	0.282314 	0.717686 	
19 	 12 	0.000000 	0.228373 	0.771627 	
19 	 13 	0.000000 	0.199258 	0.800742 	
19 	 14 	0.000000 	0.184939 	0.815061 	
19 	 15 	0.000000 	0.178273 	0.821727 	
19 	 16 	0.000000 	0.175272 	0.824728 	
19 	 17 	0.000000 	0.173949 	0.826051 	
19 	 18 	0.000000 	0.173375 	0.826624 	
19 	 19 	0.000000 	0.173130 	0.826870 	
19 	 20 	0.000000 	0.173025 	0.826975 	
19 	 21 	0.000000 	0.172981 	0.827019 	
19 	 22 	0.000000 	0.172963 	0.827037 	
19 	 23 	0.000000 	0.172955 	0.827045 	
19 	 24 	0.000000 	0.172952 	0.827048 	
19 	 25 	0.000000 	0.172951 	0.827049 	
19 	 26 	0.000000 	0.172951 	0.827049 	
19 	 27 	0.000000 	0.172950 	0.827050 	
19 	 28 	0.000000 	0.172950 	0.827050 	
19 	 29 	0.000000 	0.172950 	0.827050 	
19 	 30 	0.000000 	0.172950 	0.827050 	
19 	 31 	0.000000 	0.172950 	0.827050 	
19 	 32 	0.000000 	0.172950 	0.827050 	
19 	 33 	0.000000 	0.172950 	0.827050 	
19 	 34 	0.000000 	0.172950 	0.827050 	
19 	 35 	0.000000 	0.172950 	0.827050 	
19 	 36 	0.000000 	0.172950 	0.827050 	
19 	 37 	0.000000 	0.172950 	0.827050 	
19 	 38 	0.000000 	0.172950 	0.827050 	
19 	 39 	0.000000 	0.172950 	0.827050 	
19 	 40 	0.000000 	0.172950 	0.827050 	
20 	 1 	0.000000 	0.823334 	0.176666 	
20 	 2 	0.000000 	0.822166 	0.177834 	
20 	 3 	0.000000 	0.819418 	0.180582 	
20 	 4 	0.000000 	0.814070 	0.185930 	
20 	 5 	0.000000 	0.804037 	0.195963 	
20 	 6 	0.000000 	0.785331 	0.214669 	
20 	 7 	0.000000 	0.750927 	0.249073 	
20 	 8 	0.000000 	0.690664 	0.309336 	
20 	 9 	0.000000 	0.596384 	0.403616 	
20 	 10 	0.000000 	0.475518 	0.524482 	
20 	 11 	0.000000 	0.357453 	0.642547 	
20 	 12 	0.000000 	0.270666 	0.729334 	
20 	 13 	0.000000 	0.219883 	0.780117 	
20 	 14 	0.000000 	0.194213 	0.805787 	
20 	 15 	0.000000 	0.182263 	0.817737 	
20 	 16 	0.000000 	0.176946 	0.823054 	
20 	 17 	0.000000 	0.174641 	0.825359 	
20 	 18 	0.000000 	0.173659 	0.826341 	
20 	 19 	0.000000 	0.173244 	0.826756 	
20 	 20 	0.000000 	0.173072 	0.826928 	
20 	 21 	0.000000 	0.173000 	0.827000 	
20 	 22 	0.000000 	0.172970 	0.827030 	
20 	 23 	0.000000 	0.172958 	0.827042 	
20 	 24 	0.000000 	0.172953 	0.827047 	
20 	 25 	0.000000 	0.172952 	0.827048 	
20 	 26 	0.000000 	0.172951 	0.827049 	
20 	 27 	0.000000 	0.172950 	0.827050 	
20 	 28 	0.000000 	0.172950 	0.827050 	
20 	 29 	0.000000 	0.172950 	0.827050 	
20 	 30 	0.000000 	0.172950 	0.827050 	
20 	 31 	0.000000 	0.172950 	0.827050 	
20 	 32 	0.000000 	0.172950 	0.827050 	
20 	 33 	0.000000 	0.172950 	0.827050 	
20 	 34 	0.000000 	0.172950 	0.827050 	
20 	 35 	0.000000 	0.172950 	0.827050 	
20 	 36 	0.000000 	0.172950 	0.827050 	
20 	 37 	0.000000 	0.172950 	0.827050 	
20 	 38 	0.000000 	0.172950 	0.827050 	
20 	 39 	0.000000 	0.172950 	0.827050 	
20 	 40 	0.000000 	0.172950 	0.827050 	
21 	 1 	0.000000 	0.828331 	0.171669 	
21 	 2 	0.000000 	0.827818 	0.172182 	
21 	 3 	0.000000 	0.826588 	0.173412 	
21 	 4 	0.000000 	0.824123 	0.175877 	
21 	 5 	0.000000 	0.819313 	0.180687 	
21 	 6 	0.000000 	0.809869 	0.190131 	
21 	 7 	0.000000 	0.791224 	0.208776 	
21 	 8 	0.000000 	0.754988 	0.245012 	
21 	 9 	0.000000 	0.688767 	0.311233 	
21 	 10 	0.000000 	0.583577 	0.416423 	
21 	 11 	0.000000 	0.452308 	0.547692 	
21 	 12 	0.000000 	0.332725 	0.667275 	
21 	 13 	0.000000 	0.252418 	0.747582 	
21 	 14 	0.000000 	0.209180 	0.790820 	
21 	 15 	0.000000 	0.188697 	0.811303 	
21 	 16 	0.000000 	0.179618 	0.820382 	
21 	 17 	0.000000 	0.175730 	0.824270 	
21 	 18 	0.000000 	0.174097 	0.825903 	
21 	 19 	0.000000 	0.173420 	0.826580 	
21 	 20 	0.000000 	0.173141 	0.826859 	
21 	 21 	0.000000 	0.173028 	0.826972 	
21 	 22 	0.000000 	0.172981 	0.827019 	
21 	 23 	0.000000 	0.172963 	0.827037 	
21 	 24 	0.000000 	0.172955 	0.827045 	
21 	 25 	0.000000 	0.172952 	0.827048 	
21 	 26 	0.000000 	0.172951 	0.827049 	
21 	 27 	0.000000 	0.172950 	0.827050 	
21 	 28 	0.000000 	0.172950 	0.827050 	
21 	 29 	0.000000 	0.172950 	0.827050 	
21 	 30 	0.000000 	0.172950 	0.827050 	
21 	 31 	0.000000 	0.172950 	0.827050 	
21 	 32 	0.000000 	0.172950 	0.827050 	
21 	 33 	0.000000 	0.172950 	0.827050 	
21 	 34 	0.000000 	0.172950 	0.827050 	
21 	 35 	0.000000 	0.172950 	0.827050 	
21 	 36 	0.000000 	0.172950 	0.827050 	
21 	 37 	0.000000 	0.172950 	0.827050 	
21 	 38 	0.000000 	0.172950 	0.827050 	
21 	 39 	0.000000 	0.172950 	0.827050 	
21 	 40 	0.000000 	0.172950 	0.827050 	
22 	 1 	0.000000 	0.830257 	0.169743 	
22 	 2 	0.000000 	0.830028 	0.169972 	
22 	 3 	0.000000 	0.829467 	0.170533 	
22 	 4 	0.000000 	0.828313 	0.171687 	
22 	 5 	0.000000 	0.825980 	0.174020 	
22 	 6 	0.000000 	0.821206 	0.178794 	
22 	 7 	0.000000 	0.811291 	0.188709 	
22 	 8 	0.000000 	0.790652 	0.209348 	
22 	 9 	0.000000 	0.748867 	0.251133 	
22 	 10 	0.000000 	0.671205 	0.328795 	
22 	 11 	0.000000 	0.550886 	0.449114 	
22 	 12 	0.000000 	0.412069 	0.587931 	
22 	 13 	0.000000 	0.299445 	0.700555 	
22 	 14 	0.000000 	0.231953 	0.768047 	
22 	 15 	0.000000 	0.198609 	0.801391 	
22 	 16 	0.000000 	0.183715 	0.816285 	
22 	 17 	0.000000 	0.177381 	0.822619 	
22 	 18 	0.000000 	0.174754 	0.825246 	
22 	 19 	0.000000 	0.173679 	0.826321 	
22 	 20 	0.000000 	0.173243 	0.826757 	
22 	 21 	0.000000 	0.173067 	0.826933 	
22 	 22 	0.000000 	0.172997 	0.827003 	
22 	 23 	0.000000 	0.172969 	0.827031 	
22 	 24 	0.000000 	0.172957 	0.827043 	
22 	 25 	0.000000 	0.172953 	0.827047 	
22 	 26 	0.000000 	0.172951 	0.827049 	
22 	 27 	0.000000 	0.172951 	0.827049 	
22 	 28 	0.000000 	0.172950 	0.827050 	
22 	 29 	0.000000 	0.172950 	0.827050 	
22 	 30 	0.000000 	0.172950 	0.827050 	
22 	 31 	0.000000 	0.172950 	0.827050 	
22 	 32 	0.000000 	0.172950 	0.827050 	
22 	 33 	0.000000 	0.172950 	0.827050 	
22 	 34 	0.000000 	0.172950 	0.827050 	
22 	 35 	0.000000 	0.172950 	0.827050 	
22 	 36 	0.000000 	0.172950 	0.827050 	
22 	 37 	0.000000 	0.172950 	0.827050 	
22 	 38 	0.000000 	0.172950 	0.827050 	
22 	 39 	0.000000 	0.172950 	0.827050 	
22 	 40 	0.000000 	0.172950 	0.827050 	
23 	 1 	0.000000 	0.831030 	0.168970 	
23 	 2 	0.000000 	0.830924 	0.169076 	
23 	 3 	0.000000 	0.830662 	0.169338 	
23 	 4 	0.000000 	0.830105 	0.169895 	
23 	 5 	0.000000 	0.828942 	0.171058 	
23 	 6 	0.000000 	0.826472 	0.173528 	
23 	 7 	0.000000 	0.821126 	0.178874 	
23 	 8 	0.000000 	0.809440 	0.190560 	
23 	 9 	0.000000 	0.784115 	0.215885 	
23 	 10 	0.000000 	0.731791 	0.268209 	
23 	 11 	0.000000 	0.636204 	0.363796 	
23 	 12 	0.000000 	0.498984 	0.501016 	
23 	 13 	0.000000 	0.360673 	0.639327 	
23 	 14 	0.000000 	0.264308 	0.735692 	
23 	 15 	0.000000 	0.213126 	0.786874 	
23 	 16 	0.000000 	0.189738 	0.810262 	
23 	 17 	0.000000 	0.179792 	0.820208 	
23 	 18 	0.000000 	0.175702 	0.824298 	
23 	 19 	0.000000 	0.174049 	0.825951 	
23 	 20 	0.000000 	0.173386 	0.826614 	
23 	 21 	0.000000 	0.173123 	0.826877 	
23 	 22 	0.000000 	0.173018 	0.826982 	
23 	 23 	0.000000 	0.172977 	0.827023 	
23 	 24 	0.000000 	0.172961 	0.827039 	
23 	 25 	0.000000 	0.172954 	0.827046 	
23 	 26 	0.000000 	0.172952 	0.827048 	
23 	 27 	0.000000 	0.172951 	0.827049 	
23 	 28 	0.000000 	0.172950 	0.827050 	
23 	 29 	0.000000 	0.172950 	0.827050 	
23 	 30 	0.000000 	0.172950 	0.827050 	
23 	 31 	0.000000 	0.172950 	0.827050 	
23 	 32 	0.000000 	0.172950 	0.827050 	
23 	 33 	0.000000 	0.172950 	0.827050 	
23 	 34 	0.000000 	0.172950 	0.827050 	
23 	 35 	0.000000 	0.172950 	0.827050 	
23 	 36 	0.000000 	0.172950 	0.827050 	
23 	 37 	0.000000 	0.172950 	0.827050 	
23 	 38 	0.000000 	0.172950 	0.827050 	
23 	 39 	0.000000 	0.172950 	0.827050 	
23 	 40 	0.000000 	0.172950 	0.827050 	
24 	 1 	0.000000 	0.831416 	0.168584 	
24 	 2 	0.000000 	0.831366 	0.168634 	
24 	 3 	0.000000 	0.831239 	0.168761 	
24 	 4 	0.000000 	0.830960 	0.169040 	
24 	 5 	0.000000 	0.830358 	0.169642 	
24 	 6 	0.000000 	0.829034 	0.170966 	
24 	 7 	0.000000 	0.826066 	0.173934 	
24 	 8 	0.000000 	0.819321 	0.180679 	
24 	 9 	0.000000 	0.803983 	0.196017 	
24 	 10 	0.000000 	0.769972 	0.230028 	
24 	 11 	0.000000 	0.700253 	0.299747 	
24 	 12 	0.000000 	0.580796 	0.419204 	
24 	 13 	0.000000 	0.431596 	0.568404 	
24 	 14 	0.000000 	0.306835 	0.693165 	
24 	 15 	0.000000 	0.233245 	0.766755 	
24 	 16 	0.000000 	0.198202 	0.801798 	
24 	 17 	0.000000 	0.183171 	0.816829 	
24 	 18 	0.000000 	0.177021 	0.822979 	
24 	 19 	0.000000 	0.174557 	0.825443 	
24 	 20 	0.000000 	0.173581 	0.826419 	
24 	 21 	0.000000 	0.173197 	0.826803 	
24 	 22 	0.000000 	0.173046 	0.826954 	
24 	 23 	0.000000 	0.172988 	0.827012 	
24 	 24 	0.000000 	0.172965 	0.827035 	
24 	 25 	0.000000 	0.172956 	0.827044 	
24 	 26 	0.000000 	0.172952 	0.827048 	
24 	 27 	0.000000 	0.172951 	0.827049 	
24 	 28 	0.000000 	0.172951 	0.827049 	
24 	 29 	0.000000 	0.172950 	0.827050 	
24 	 30 	0.000000 	0.172950 	0.827050 	
24 	 31 	0.000000 	0.172950 	0.827050 	
24 	 32 	0.000000 	0.172950 	0.827050 	
24 	 33 	0.000000 	0.172950 	0.827050 	
24 	 34 	0.000000 	0.172950 	0.827050 	
24 	 35 	0.000000 	0.172950 	0.827050 	
24 	 36 	0.000000 	0.172950 	0.827050 	
24 	 37 	0.000000 	0.172950 	0.827050 	
24 	 38 	0.000000 	0.172950 	0.827050 	
24 	 39 	0.000000 	0.172950 	0.827050 	
24 	 40 	0.000000 	0.172950 	0.827050 	
25 	 1 	0.000000 	0.831799 	0.168201 	
25 	 2 	0.000000 	0.831774 	0.168226 	
25 	 3 	0.000000 	0.831710 	0.168290 	
25 	 4 	0.000000 	0.831564 	0.168436 	
25 	 5 	0.000000 	0.831239 	0.168761 	
25 	 6 	0.000000 	0.830500 	0.169500 	
25 	 7 	0.000000 	0.828787 	0.171213 	
25 	 8 	0.000000 	0.824764 	0.175236 	
25 	 9 	0.000000 	0.815276 	0.184724 	
25 	 10 	0.000000 	0.793180 	0.206820 	
25 	 11 	0.000000 	0.744206 	0.255794 	
25 	 12 	0.000000 	0.648577 	0.351423 	
25 	 13 	0.000000 	0.504484 	0.495516 	
25 	 14 	0.000000 	0.358148 	0.641852 	
25 	 15 	0.000000 	0.259499 	0.740501 	
25 	 16 	0.000000 	0.209542 	0.790458 	
25 	 17 	0.000000 	0.187713 	0.812287 	
25 	 18 	0.000000 	0.178782 	0.821218 	
25 	 19 	0.000000 	0.175231 	0.824769 	
25 	 20 	0.000000 	0.173837 	0.826163 	
25 	 21 	0.000000 	0.173294 	0.826706 	
25 	 22 	0.000000 	0.173083 	0.826917 	
25 	 23 	0.000000 	0.173001 	0.826999 	
25 	 24 	0.000000 	0.172970 	0.827030 	
25 	 25 	0.000000 	0.172958 	0.827042 	
25 	 26 	0.000000 	0.172953 	0.827047 	
25 	 27 	0.000000 	0.172951 	0.827049 	
25 	 28 	0.000000 	0.172951 	0.827049 	
25 	 29 	0.000000 	0.172950 	0.827050 	
25 	 30 	0.000000 	0.172950 	0.827050 	
25 	 31 	0.000000 	0.172950 	0.827050 	
25 	 32 	0.000000 	0.172950 	0.827050 	
25 	 33 	0.000000 	0.172950 	0.827050 	
25 	 34 	0.000000 	0.172950 	0.827050 	
25 	 35 	0.000000 	0.172950 	0.827050 	
25 	 36 	0.000000 	0.172950 	0.827050 	
25 	 37 	0.000000 	0.172950 	0.827050 	
25 	 38 	0.000000 	0.172950 	0.827050 	
25 	 39 	0.000000 	0.172950 	0.827050 	
25 	 40 	0.000000 	0.172950 	0.827050 	
26 	 1 	0.000000 	0.832570 	0.167430 	
26 	 2 	0.000000 	0.832558 	0.167442 	
26 	 3 	0.000000 	0.832524 	0.167476 	
26 	 4 	0.000000 	0.832445 	0.167555 	
26 	 5 	0.000000 	0.832261 	0.167739 	
26 	 6 	0.000000 	0.831829 	0.168171 	
26 	 7 	0.000000 	0.830795 	0.169205 	
26 	 8 	0.000000 	0.828291 	0.171709 	
26 	 9 	0.000000 	0.822202 	0.177798 	
26 	 10 	0.000000 	0.807510 	0.192490 	
26 	 11 	0.000000 	0.773204 	0.226796 	
26 	 12 	0.000000 	0.699879 	0.300121 	
26 	 13 	0.000000 	0.571604 	0.428396 	
